10155
10210
10211
10212
10213
10214
10215
10216
10217
10218
10219
10220
10221
10222
10223
10224
10225
10226
10227
10228
10229
10230
10231
10232
10233
10234
10235
10236
10237
10240
10241
10242
10242
10243
10244
10245
10246
10247
10248
10249
10250
10251
10252
10253
10254
10255
10256
10257
10258
10259
10260
10261
10262
10263
10264
10265
10266
10267
10268
10269
10270
10271
10272
10273
10274
10275
10276
10277
10278
10279
10280
10281
10282
10283
10284
10289
10290
10291
10292
10293
10294
10295
10297
10298
10299
10300
10302
10303
10304
10305
10306
10307
10308
10309
10311
10312
10313
10314
10315
10316
10317
10318
10320
10321
10323
10325
10326
10327
10328
10329
10330
10331
10332
10333
10334
10335
10337
10338
10339
10340
10341
10342
10343
10344
10345
10347
10348
10349
10350
10351
10352
10353
10354
10355
10357
10358
10359
10360
10362
10363
10367
10368
10369
10370
10372
10373
10375
10391
10402
10403
10404
10405
10411
10428
10435
10451
10461
10497
10508
10525
10556
10557
10565
10577
10584
10593
10622
10654
10655
10657
10659
10659
10660
10662
10663
10664
10667
10668
10669
10671
10672
10673
10674
10675
10676
10681
10682
10683
10684
10685
10686
10687
10692
10693
10694
10695
10696
10697
10698
10702
10703
10704
10705
10712
10713
10715
10717
10724
10725
10727
10728
10729
10734
10739
10740
10743
10744
10745
10746
10747
10749
10751
10753
10754
10755
10758
10760
10761
10763
10764
10767
10768
10769
10770
10775
10776
10777
10778
10780
10782
10783
10784
10787
10788
10790
10791
10794
10796
10797
10805
10820
10840
10854
10869
10875
10887
10907
10929
10933
10934
10937
10943
10948
10958
10970
10974
10975
10978
10993
10994
10998
11001
11002
11003
11004
11005
11008
11009
11011
11013
11014
11015
11016
11017
11018
11019
11020
11021
11022
11027
11028
11029
11030
11031
11032
11033
11034
11035
11036
11037
11038
11039
11040
11041
11042
11043
11044
11198
11199
11200
11201
11202
11203
11204
11205
11717
11903
11910
17101
19001
19002
19003
19004
19005
19006
19007
19008
19009
19010
19011
19012
19013
2010
20200
20201
20202
20203
20204
20205
20206
20207
20208
20209
20210
20211
20212
20215
21006
21007
21008
21009
21010
21011
21012
21013
21014
21015
21016
21017
21018
21019
21020
21021
21022
21023
21024
21026
21027
21028
21029
21030
21031
21032
21033
21034
21035
21036
21037
21038
21039
21041
21042
21043
21044
21045
21046
21047
21050
21051
21052
21054
21055
21056
21057
21058
21060
21061
21062
21063
21068
21100
21101
21102
21103
21104
21105
21106
21107
21108
21109
21110
21113
21114
21115
21116
21117
21118
21119
21120
21121
21122
21123
21124
21125
21126
21127
21128
21129
21130
21131
21132
21133
21134
21135
21136
21137
21140
21141
21142
21143
21144
21145
21146
21147
21148
21149
21150
21151
21152
21153
21154
21155
21156
21157
21158
21159
21160
21161
21163
21165
21166
21167
21168
21169
21170
21171
21172
21173
21174
21176
21178
21179
21180
21181
21183
21184
21185
21186
21187
21188
21189
21190
21200
21201
21204
21205
21206
21208
21226
21241
21242
21243
21244
21245
21246
21247
21248
21249
21250
21252
21253
21254
21255
21256
21257
21259
21260
21261
21262
21263
21264
21265
21267
21268
21269
21270
21271
21272
21273
21274
21275
21276
21277
21278
21279
21280
21281
21282
21301
21302
21303
21303
21304
21305
21306
21307
21308
21309
21310
21311
21312
21313
21314
21315
21316
21317
21318
21319
21320
21321
21322
21323
21324
21325
21326
21327
21328
21329
21330
21331
21332
21333
21334
21335
21336
21337
21338
21339
21340
21341
21342
21343
21344
21345
21346
21347
21348
21349
21350
21351
21352
21353
21354
21355
21356
21357
21358
21359
2235
2236
2254
2259
2260
2263
2282
2283
2504
2505
2506
2507
2508
2509
2518
2519
2520
2521
2824
30557
30560
3061
30628
3063
3065
31002
31003
31004
31005
31006
31007
31008
31009
31010
31011
31012
31017
31018
31019
31020
31021
31022
31023
31024
31025
31026
31029
31030
31031
31032
31033
31034
31035
31036
31037
31038
31039
31043
31044
31045
31046
31047
31048
31049
31050
31051
31052
31053
31056
31057
31058
31059
31060
31062
31063
31064
31065
31066
31067
31068
31069
31070
31071
31072
31073
31074
31075
31076
31077
31078
31079
31080
31081
31083
31084
31085
31086
31087
31088
31089
31090
31091
31092
31093
31094
31095
31096
31097
31098
31099
31100
31101
31102
31103
31104
31105
31107
31108
31109
31111
31112
31113
31114
31115
31116
31117
31118
31119
31120
31121
31122
31123
31124
31125
31126
31127
31128
31129
31130
31131
31132
31133
31134
31135
31136
31137
31138
31139
31140
31141
31142
31143
31144
31145
31146
31147
31148
31149
31150
31151
31152
31153
31154
31155
31156
31157
31158
31159
31160
31161
31162
31163
31164
31165
31166
31167
31168
31169
31170
31171
31172
31173
31174
31175
31197
31198
31199
31200
31201
31202
31203
31204
31205
31206
31207
31208
31209
31210
31211
31212
31213
31214
31215
31216
31217
31313
3178
3179
3180
3181
3181
3182
3183
3184
3185
3186
3187
3188
3189
3221
3222
3315
3316
3366
3367
3368
3648
3658
3661
3677
3816
3817
3818
3845
3848
3849
3850
3851
3854
3856
3857
3858
3859
3860
3861
3862
3863
3864
3865
3866
3868
3874
3920
3942
40058
40080
40081
40081
40081
40081
40081
40081
40082
40083
40085
40086
40090
40091
40092
40093
40106
40107
40110
40112
40114
40115
40118
40120
40121
40122
40123
40124
40125
40138
40139
40141
40142
40143
40144
40145
40153
40154
40155
40156
40158
40161
40166
40170
40171
40172
40173
40174
40178
40179
40180
40181
40182
40183
40186
40188
40197
40198
40199
40201
40202
40203
40204
40205
40206
40207
40220
40221
40222
40223
40225
40226
40227
40228
40230
40234
40235
40236
40237
40251
40252
40253
40254
40256
40260
40261
40262
40263
40264
40266
40270
40271
40272
40273
40274
40289
40290
40291
40292
40293
40305
40306
40307
40316
40318
40333
40334
40335
40336
40337
40338
40346
40347
40348
40349
40350
40351
40352
40353
40354
40355
40357
40358
40359
40362
40366
40367
40370
40371
40378
40379
40380
40381
40382
40383
40384
40385
40386
40389
40391
40393
40407
40408
40409
40410
40411
40412
40413
40414
40416
40417
40420
40421
40422
40423
40424
40425
40426
40428
40429
40431
40433
40436
40438
40440
40441
40442
40443
40448
40449
40450
40451
40452
40456
40457
40460
40461
40462
40463
40466
40468
40469
40473
40476
40477
40478
40479
40480
40481
40482
40483
40484
40485
40487
40488
40489
40490
40491
40492
40493
40494
40495
40496
40497
40498
40499
40501
40502
40503
40504
40505
40506
40512
40514
40515
40516
40517
40518
40519
40521
40522
40523
40524
40527
40528
40529
40530
40531
40532
40533
40535
40536
40539
40540
40541
40542
40543
40544
40545
40546
40547
40548
40549
40550
40552
40553
40554
40556
40559
40560
40561
40562
40563
40564
40565
40566
40567
40568
40569
40570
40571
40572
40573
40574
40575
40577
40578
40579
40580
40581
40582
40583
40584
40585
40586
40587
40588
40589
40590
40591
40593
40594
40595
40596
40597
40598
40599
40600
40601
40602
40603
40604
40605
40606
40607
40608
40609
40610
40611
40613
40615
40616
40617
40618
40619
40620
40621
40622
40623
40627
40628
40630
40631
40632
40634
40638
40639
40640
40641
40642
40643
40644
40646
40647
40648
40649
40650
40651
40654
40655
40656
40657
40658
40659
40668
40669
40671
40672
40673
40674
40675
40676
40677
40678
40679
40680
40681
40682
40683
40684
40685
40686
40687
40688
40689
40690
40691
40692
40693
40694
40695
40696
40697
40698
40699
40700
40701
40702
40703
40704
40705
40706
40707
40708
40709
40710
40711
40712
40713
40714
40715
40716
40719
40720
40721
40722
40723
40724
40725
40728
40729
40730
40743
40744
40746
40747
40748
40749
40750
40751
40752
40753
40755
40756
40757
40758
40759
40760
40761
40762
40763
40764
40765
40766
40767
40770
40780
40781
40782
40783
40784
40786
40787
40788
40789
40791
40792
40793
40794
40795
40796
40797
40798
40799
40800
40802
40803
40804
40805
40807
40808
40810
40811
40813
40814
40815
40816
40817
40818
40819
40821
40822
40824
40825
41004
41005
41006
41007
41008
41013
41015
41016
41026
41027
41031
41032
41033
41034
41035
41036
41037
41038
41039
41040
41051
41052
41053
41054
41055
41056
41057
41058
41059
41061
41062
41063
41065
41066
41067
41068
41072
41073
41074
41075
41076
41077
41078
41085
41091
41093
41094
41095
41097
41099
41100
41101
41102
41103
41104
41105
41106
41107
41108
41109
41110
41111
41115
41116
41117
41118
41119
41120
41121
41122
41124
41125
41126
41127
41128
41129
41130
41131
41132
41133
41134
41135
41142
41145
41146
41147
41148
41149
41150
41151
41152
41153
41154
41155
41156
41157
41160
41161
41162
41164
41165
41166
41167
41168
41169
41172
41173
41174
41175
41176
41177
41178
41179
41180
41182
41183
41184
41185
41186
41187
41188
41190
41191
41192
41193
41194
41195
41196
41230
41231
41232
41233
41234
41235
41236
41237
41238
41239
41250
41251
41252
41253
41254
41255
41256
41258
41287
41288
41300
41301
41310
41311
41312
41313
41314
41315
41316
41317
41318
41319
41320
41321
41322
41323
41324
41325
41326
41329
41330
41332
41333
41334
41335
41336
41337
41338
41339
41340
41342
41343
41344
41345
41346
41347
41348
41349
41350
41351
41352
41353
41359
41361
41362
41363
41364
41365
41366
41367
41368
41369
41371
41372
41373
41374
41375
41376
41378
41379
41380
41381
41382
41390
41391
41392
41393
41394
41395
41397
41398
41420
41421
41422
41423
41424
41426
41427
41428
41429
41430
41431
41432
41433
41441
41443
41444
41445
41446
41447
41448
41449
41450
41451
41452
41453
41454
41455
41456
41486
41487
41489
41490
41491
41492
41493
41496
41497
41498
41587
41588
41591
41593
41594
41595
41596
41597
41598
41599
41600
41601
41602
41603
41604
41605
41606
41607
41608
41609
41610
41611
41612
41613
41614
41615
41616
41617
41618
41619
41620
41621
41622
41623
41624
41625
41626
41627
41628
41629
41630
41631
41632
41634
41635
41636
41637
41679
41681
41682
41683
41684
41685
41686
41687
41688
41689
41690
41691
41692
41693
41695
41698
41699
41700
41701
41702
41703
41704
41705
41706
41707
41708
41709
41710
41711
41712
41713
41714
41716
41717
41718
41720
41721
41722
41724
41727
41728
41729
41730
41731
41732
41733
41734
41735
41736
41737
41738
41739
41740
41741
41742
41743
41744
41745
41746
41747
41748
41749
41751
41752
41753
41754
41755
41756
41757
41758
41759
41760
41775
41803
41805
41806
41807
41808
41809
4181
41811
4182
4183
41838
41839
4184
41904
41905
41906
41907
41913
41914
41915
4192
41924
41925
41926
4193
41932
41935
41936
41937
41938
4194
41944
41945
41946
41947
41948
41949
41950
4195
41951
41952
41956
41957
41958
41959
41960
41961
41962
41964
41999
42000
4200
42002
42004
42005
42006
42007
42008
42009
42010
4201
42011
42020
4202
42021
42022
42023
42024
42025
42026
42027
42028
42029
42030
4203
42031
42032
42033
42034
42035
42036
42037
42038
42039
42040
4204
42041
42042
42043
42044
42045
42046
42047
42048
42049
42050
4205
42052
42053
42054
42055
42056
42057
42058
42059
42060
42061
4206
42062
42063
42064
42065
42066
42068
42069
42070
4207
42071
42072
42073
42074
42075
42076
42077
42078
42079
42080
4208
42081
42082
42083
42084
42088
42089
42090
4209
42091
42092
42093
42094
42095
42096
42097
42098
42099
42100
42101
42102
42103
42104
42105
42106
42107
42108
42109
42110
42111
42112
42113
42114
42115
42116
42117
42118
42119
42120
42121
42122
42123
42124
42125
42126
42127
42128
42129
42130
42131
42132
42133
42134
42135
42136
42137
42138
42139
42140
42141
42141
42143
42144
42145
42146
42147
42148
42149
42150
42151
42152
42153
42154
42155
42156
42157
42158
42159
42160
42161
42162
42163
42164
42165
42166
42167
42168
42169
42170
42171
42172
42173
42174
42175
42176
42177
42178
42179
42180
42181
42182
42184
42196
42197
42198
42199
42200
42201
42202
42203
42204
42205
42206
42207
42208
42209
42210
42211
42212
42213
42214
42215
42217
42601
42602
42603
42604
42605
42606
42608
42609
42610
42613
42614
42615
42616
42617
42618
42619
42620
42621
42622
42624
42625
42626
42630
42631
42632
42634
42636
42637
42638
42639
42641
42642
42643
42645
42646
42647
42648
42649
42650
42651
42652
42653
42654
42655
42656
42659
42661
42662
42663
42664
42666
42668
42669
42670
42671
42672
42673
42674
43008
43010
43021
43111
43112
43113
43114
43115
43172
43174
43175
43176
43177
43178
43179
43180
43181
43182
43183
43184
43185
43187
43188
43189
43191
43192
43193
43194
43195
43196
43197
43201
43202
43203
43204
43205
43206
43207
43208
43210
43211
43212
43213
43215
43216
43217
43218
43219
43220
43221
43222
43223
43224
43225
43226
43227
43229
43230
43231
43232
43237
43238
43239
43240
43241
43242
43243
43244
43245
43246
43247
43248
43249
43251
43252
43253
43254
43256
43257
43258
43260
43261
43262
43263
43264
43265
43266
43267
43268
43269
43270
43271
43272
43273
43274
43275
43276
43277
43278
43279
44000
44009
44014
44021
44022
44025
44027
44028
44029
4428
4429
4430
4431
4432
4433
4434
4435
4437
4438
4439
4440
4441
4442
4473
45000
45001
45004
45005
45005
45007
45008
45012
45013
45014
45016
45017
45018
45019
45020
45021
45022
45023
45024
45025
45026
45027
45028
45100
45101
45102
45103
45110
45120
45210
45300
45345
45400
45401
45544
45560
45570
45620
45621
45622
45654
45655
45678
45680
45681
45800
45801
45802
45804
45805
45806
45807
45809
45810
45811
45813
45814
45816
45817
45819
45820
45821
45823
45824
45826
45827
45829
45830
4625
4626
4628
4629
4630
4635
4636
4637
4643
4644
4645
4737
4738
4840
4841
4842
4866
4867
50003
50004
50006
50011
51515
5507
5508
5511
5512
55212
55239
55242
5529
5529
5549
5609
5623
5749
5763
5764
5765
5766
5767
5770
5771
5795
5866
5867
5868
5883
5884
5885
5886
5887
5888
5891
5892
5893
5898
5899
5929
5930
5932
5933
5982
5983
5984
5985
60002
60003
60004
60005
60007
60008
60009
60010
60012
60013
60014
60015
60016
60017
60018
60019
60020
60021
60022
60023
60024
60025
60026
60027
60031
60033
60034
60035
60036
60042
60043
60044
60045
60046
60047
60048
60049
60050
60051
60052
60056
60057
60058
60059
60060
60061
60062
60063
60064
60067
60068
60069
60070
60071
60073
60074
60075
60076
60077
60078
60079
60080
60081
60082
60083
60084
60085
60086
60092
60093
60095
60096
60097
60098
60099
60101
60102
60103
60104
60107
60108
60109
60110
60111
60112
60113
60115
60116
60117
60118
60119
60121
60122
60123
60124
60125
60128
60129
60130
60131
60132
60133
60134
60137
60138
60139
60140
60141
60142
60143
60147
60148
60149
60150
60151
60152
60153
60154
60155
60158
60159
60160
60161
60162
60164
60165
60166
60167
60168
60169
60172
60173
60174
60175
60176
60179
60180
60181
60182
60183
60185
60186
60188
60192
60193
60194
60195
60196
60197
60198
60200
60201
60202
60203
60204
60207
60208
60209
60210
60214
60215
60216
60217
60221
60222
60223
60225
60226
60227
60228
60229
60230
60231
60232
60233
60234
60235
60242
60243
60244
60245
60246
60252
60253
60254
60256
60257
60258
60260
60261
60262
60264
60265
60266
60267
60268
60270
60271
60272
60273
60274
60276
60277
60281
60282
60283
60287
60288
60289
60290
60291
60292
60293
60294
60295
60301
60302
60303
60304
60305
60306
60307
60308
60313
60314
60315
60316
60317
60319
60320
60321
60324
60326
60327
60328
60329
60330
60335
60336
60337
60338
60339
60340
60341
60342
60343
60344
60345
60346
60347
60347
60348
60349
60350
60351
60352
60353
60354
60355
60357
60359
60360
60361
60362
60363
60364
60365
60366
60367
60368
60369
60370
60371
60372
60373
60374
60375
60377
60378
60379
60380
60381
60384
60385
60386
60387
60388
60389
60391
60395
60396
60397
60398
60402
60404
60405
60406
60407
60408
60409
60412
60413
60414
60415
60417
60418
60419
60420
60421
60422
60423
60425
60426
60428
60429
60430
60431
60432
60433
60434
60435
60436
60437
60438
60439
60440
60441
60443
60444
60445
60446
60447
60448
60449
60451
60452
60453
60454
60456
60457
60460
60461
60462
60465
60466
60467
60469
60470
60471
60472
60473
60474
60475
6053
6131
6157
6203
6231
66648
66649
66650
66651
6857
6860
6862
6863
6864
6866
6867
6868
6869
6873
6912
6913
6914
6918
70000
70001
70002
70003
70004
70005
70006
70007
70008
70009
70010
70011
70012
70013
70014
70101
70102
70106
70108
70112
70114
70115
70123
70124
70125
70126
70127
70128
70129
70130
70131
70132
70133
70134
70135
70136
70139
70141
70142
70143
70144
70145
70146
70147
70156
70161
70162
70163
70164
70165
70166
70167
70168
70169
70170
70171
70172
70173
70220
70221
70222
70223
70224
70225
70226
70227
70228
70312
70313
70314
70315
70316
70317
70319
70320
70321
70322
70323
70324
70325
70326
70327
70331
70348
70349
70350
70351
70352
70353
70354
70355
70356
70357
70358
70359
70361
70401
70402
70403
70404
70410
70411
70412
70413
70418
70419
70420
70421
70422
70423
70424
70425
70427
70428
70429
70430
70431
70432
70433
70434
70435
70436
70437
70500
7050
70501
70502
70503
70504
70505
7051
7052
70588
70589
70590
70591
70592
70593
70594
70595
70596
70600
70601
70602
70603
70604
70605
70606
70607
70608
70609
70610
70611
70612
70613
70614
70615
70616
70617
70618
70620
70622
70623
70624
70625
70626
70627
70629
70631
70632
70638
70639
70640
70641
70642
70643
70650
7065
70651
70652
70653
70654
70655
70656
70657
70658
7066
70661
70662
70663
70664
70665
70666
70667
70668
70669
70670
7067
70672
70673
70674
70675
70676
70677
70678
70679
70680
70684
70701
70702
70703
70704
70705
70706
70707
70708
70709
70721
70722
70723
70724
70725
70726
70727
70728
70730
70731
70732
70733
70734
70735
70736
70737
70738
70745
70746
70747
70748
70749
70750
70751
70754
70755
70756
70789
70790
70791
70794
70795
70800
70801
70802
70803
70804
70805
70806
70807
70808
70809
70810
70811
70812
70813
70814
70815
70816
70817
70818
70819
70820
70821
70823
70824
70825
70826
70827
70828
70829
70830
70831
70832
70833
70834
70835
70836
70837
70838
70839
70840
70842
70848
70849
70900
70901
70902
70903
70904
70905
70906
70907
70908
70909
70910
70911
70912
70913
70914
70915
70916
70917
70918
70919
70920
70921
70922
70923
71006
71016
71040
71042
71043
71044
71170
71171
71172
71173
71174
71200
71205
71228
71242
71244
71245
71247
71253
71255
71264
71267
71302
71308
71309
71310
71311
71313
71314
71315
71316
71360
71361
71362
71363
71364
71365
71366
71367
71368
71369
71374
71376
71377
71380
71381
71382
71383
71387
71388
71389
71390
71391
71395
71397
71398
71399
71400
71401
71403
71405
71406
71407
71408
71409
71411
71412
71414
71415
71416
71417
71418
71419
71420
71421
71422
71423
71424
71425
71426
71427
71428
71429
71430
71431
71432
71433
71434
71435
71436
71437
71438
71439
71440
71441
7145
71453
71454
71455
71456
71457
71458
71459
71460
71461
71469
71472
71475
71476
71477
71478
71479
71480
71481
71483
71484
71485
71486
71487
71488
71489
71490
71491
71492
71494
71495
71497
71499
71500
7158
7160
7162
71699
71700
71702
71703
71704
71705
71707
71708
71709
71710
71711
71712
71713
71717
71718
71719
71720
71721
71722
71735
71736
71737
71738
71739
71740
71741
71742
71745
71746
71747
71748
71749
71750
71752
71753
71754
71755
71756
71759
71760
71762
71763
71764
71765
71766
71767
71768
71769
71770
71771
71772
71773
71774
71775
71776
71781
71782
71783
71784
71785
71786
71787
71789
71790
71791
71792
71793
71794
71795
71796
71797
71798
71799
71800
71804
71806
71807
71808
71809
71810
71811
71812
71813
71814
71815
71817
71818
71819
71819
71820
71821
71822
71826
71828
71829
71830
71831
71832
71833
71834
71836
71837
71839
71840
71841
71842
71843
71844
71845
71846
71847
71848
7187
7188
7189
72001
72002
72003
72004
72005
72006
72031
72032
72033
72034
72035
72036
72037
72038
72039
72040
72041
72042
72043
72044
72045
7206
7207
7208
7213
7286
7287
7288
7291
7292
7307
7325
7326
7327
7345
7346
7347
7498
75000
75002
75003
75004
75005
75011
75012
75013
75014
75015
75016
75017
75018
75019
75020
75021
75022
75023
75024
75025
75037
75038
75039
75040
75041
75042
75043
75044
75045
75046
75048
75049
75050
75051
75052
75053
75054
75055
75056
75058
75059
75060
75076
75077
75078
75080
75081
75082
75083
75084
75085
75086
75087
75088
75089
75090
75090
75091
75092
75093
75094
75095
75096
75097
75098
75099
75100
75101
75102
75103
75104
75105
75106
75111
75112
75115
75119
75120
75121
75127
75131
75133
75134
75135
75136
75137
75138
75139
75140
75141
75142
75144
75145
75146
75147
75148
75149
75150
75151
75152
75153
75154
75155
75156
75157
75158
75159
75160
75164
75165
75166
75167
75168
75169
75170
75171
75172
75173
75174
75175
75176
75177
75178
75179
75180
75181
75182
75183
75184
75185
75186
75187
75188
75188
75189
75190
75191
75192
75195
75196
75197
75199
75200
75201
75202
75203
75204
75205
75206
75208
75209
75210
75211
75212
75213
75214
75215
75216
75217
75218
75219
75220
75221
75222
75225
75226
75227
75228
75229
75230
75232
75233
75234
75235
75236
75238
75239
75240
75241
75242
75243
75244
75245
75246
75248
75249
75250
75251
75252
75253
75254
75255
75256
75257
75258
75259
75261
75262
75265
75266
75267
75269
75270
75271
75272
75273
75274
75275
75276
75277
75278
75279
75280
75281
75283
75284
75286
75288
75290
75291
75292
75293
75294
75295
75296
75298
75299
75300
75301
75302
75304
75305
75306
75307
75308
75309
75310
75311
75312
75313
75314
75315
75316
75317
75318
75319
75320
75322
75323
75324
75325
75326
75327
75328
75329
75330
75331
75333
75334
75335
75336
75337
75338
75339
75340
75341
75342
75343
75345
75346
75347
75348
75349
75350
75351
75352
75353
75354
75355
75356
75357
75358
75359
75360
75361
75362
75364
75365
75366
75367
75368
75369
75370
75371
75372
75373
75374
75375
75376
75377
75378
75379
75380
75381
75382
75383
75384
75385
75386
75387
75388
75389
75390
75392
75393
75394
75395
75396
75397
75398
75399
75401
75402
75403
75404
75405
75406
75407
75408
75409
75411
75412
75413
75414
75415
75416
75417
75418
75428
75429
75430
75431
75432
75433
75434
75435
75512
75525
75530
7553
75532
75533
75534
75536
75537
75547
75549
75550
75551
75571
75572
75573
75574
75575
75576
75577
75578
75579
75580
75581
75582
75583
75636
75637
75638
75639
75640
75681
75682
75683
75684
75685
75687
75688
75689
75690
75691
7570
7571
7572
7573
75810
75822
75823
75824
75825
75826
75827
75828
75870
75871
75872
75873
75874
75875
75876
75877
75878
75879
75880
75881
75882
75883
75884
75885
75886
75887
75888
75889
75890
75891
75892
75893
75894
75895
75899
75900
75901
75902
75903
75904
75908
75909
75910
7591
75911
75912
75913
75915
75916
75917
75918
75919
75920
7592
75926
75927
75928
75929
75930
7593
75931
75932
75933
75934
75935
75936
75937
75938
75939
75940
7594
75941
75942
75945
75946
75947
75948
75950
75951
75952
75953
75954
75955
75956
75957
75958
7596
75964
75965
75966
75967
75968
75969
75970
7597
75971
75972
75973
75974
75975
75976
75977
75978
75979
75980
7598
75981
75987
7599
75995
75996
75997
76000
76001
76002
76003
76004
76005
76006
76007
76009
76010
76011
76012
76013
76015
76016
76017
76018
76019
76020
76021
76022
76023
76025
76026
76027
76028
76030
76031
76032
76034
76035
76037
76038
76039
76040
76041
76042
76045
76046
76047
76048
76049
76050
76051
76052
76053
76054
76055
76056
76057
76058
76059
76060
76067
76075
76076
76077
76078
76079
76080
76081
76082
76083
76084
76085
76086
76087
76088
76095
76096
76097
76098
76099
76100
76101
76102
76103
76104
76105
76107
76108
76109
76110
76111
76112
76113
76114
76115
76116
76117
76118
76119
76120
76122
76123
76124
76125
76126
76127
76128
76129
76130
76131
76134
76138
76139
76140
76141
76142
76143
76144
76145
76146
76148
76149
76150
76151
76152
76153
76154
76155
76156
76157
76159
76160
76161
76162
76163
76164
76165
76166
76167
76168
76169
76170
76171
76173
76174
76175
76176
76177
76178
76179
76180
76181
76182
76183
76185
76186
76187
76188
76190
76191
76192
76193
76194
76195
76196
76198
76199
76200
76201
76202
76203
76204
76205
76206
76207
76208
76209
76210
76211
76213
76214
76215
76216
76217
76218
76219
76223
76224
76225
76226
76230
76231
76232
76237
76238
76239
76240
76241
76242
76244
76245
76247
76248
76249
76250
76251
76252
76254
76255
76256
76257
76258
76259
76260
76261
76262
76265
76266
76267
76269
76270
76271
76272
76273
76274
76276
76277
76278
76279
76280
76281
76282
76284
76285
76286
76288
76289
76290
76291
76292
76293
76294
76295
76296
76297
76298
76302
76303
76304
76307
76308
76309
76310
76311
76312
76313
76314
76315
76316
76317
76319
76320
76321
76322
76323
76324
76325
76326
76327
76328
76329
76382
76383
76384
76385
76386
76387
76388
76389
76390
76391
76392
76393
76394
76395
76396
76397
76398
76399
76400
76401
76402
76403
76404
76405
76406
76407
76408
76409
76410
76411
76412
76413
76414
76415
76416
76417
76418
76419
76420
76421
76422
76423
76424
76425
76426
76427
76428
76429
76430
76431
76432
76433
76434
76435
76437
76438
76439
76440
76441
76442
76443
76444
76445
76446
76447
76448
76449
76450
76451
76452
76453
76454
76456
76457
76458
76780
76781
76784
76831
76832
7684
7688
76895
76896
76897
76898
76899
76900
76901
76902
76903
76904
76905
76906
76907
76908
76909
76910
76911
76912
76914
76915
76916
76917
76918
76919
76920
76921
76922
76923
76924
76925
76934
76935
76939
76940
76941
76942
76944
76945
76946
76947
76948
76949
76950
76951
76956
76957
76958
76959
76960
7696
76961
76962
76963
76964
76965
76966
76967
76968
76969
76970
76972
76973
76974
76975
76976
76989
76990
76991
76992
76993
76994
76995
76996
76997
76998
76999
77000
77001
77002
77003
77005
77006
77012
77013
77015
77037
77046
77047
77048
77049
77050
77051
77052
77054
77055
77056
77057
77058
77070
77071
77072
77073
77075
77076
77077
77078
77092
77237
77238
77239
77240
77241
77242
77243
77244
77245
77246
77247
77248
77249
77250
77251
7789
77901
77902
77903
77904
77905
77906
77907
77940
77941
77942
77943
77944
7848
7868
7869
7877
7879
79000
79001
79002
79003
79004
79005
79006
79007
79008
79010
79011
79012
79013
79014
79015
79016
79017
79018
79101
79102
79103
79104
79104
79104
79105
79107
79108
79109
79110
79111
79115
79116
79117
79119
79120
79121
79122
7915
7929
7930
7931
7936
7937
7938
7939
7946
7947
7948
7952
7956
7957
7958
7959
7961
7962
7964
7965
7977
7978
7984
7985
80006
80007
80008
80009
80010
80011
80012
80013
80014
80015
80016
80018
80019
80020
80021
80022
80023
80024
80025
80026
80028
80030
80031
80032
80033
80034
80035
80036
80037
80038
80039
80040
80041
80043
80044
80045
80046
80047
80048
80049
80050
80051
80053
80054
80055
80056
80057
80058
80065
80066
80101
80102
80103
80104
80105
80106
80107
80108
80109
80110
80111
80112
80113
80116
80117
8041
8043
8045
8046
8047
8048
8049
8051
8052
8053
8058
8059
8060
8061
8065
8066
8067
8068
8069
8070
8071
8075
8076
8077
8078
8079
8080
8081
8085
8086
8087
8088
8089
8091
8092
8093
8095
8096
8097
8098
8099
81000
8109
8110
8128
8129
8189
8190
8191
8196
8197
8198
8199
8206
8211
8214
8403
8404
8423
8424
8426
8484
8486
8487
8638
8639
8677
8678
8679
8863
8864
8897
8898
8899
9090
9091
9209
9217
92176
92177
9311
9314
9333
9334
9335
9337
9348
9349
9384
9385
9386
9387
9389
9390
9391
9392
9393
9394
9395
9396
9397
9398
9441
9442
9443
9444
9445
9446
9447
9448
9449
9450
9455
9456
9457
9463
9464
9465
9466
9467
9468
9470
9471
9472
9473
9474
9476
9483
9484
9485
9486
9490
9491
9492
9493
9494
9495
9496
9497
9498
9499
9500
9509
9515
9516
9525
9526
9558
9585
9594
9657
9664
9695
9696
9697
9797